0100101010001011010001001101101000010010
0100101010001001010011001101101000010010
0100101010001001010011000001101000010010
010011010001000111100011
01100111011001100000000100110000
01100110010001010010100111111011
0110011101000101001010110110010100000000
0100101010001011010001001101101000010010
010000011011110100100011000000010000000000000000
0010000111110001
010010001111111111000001
010000011111111111001110
011001100011000111010000
01001000100000011111100100100011000000010000000000000000
010010001000010111111110
0100101010001011010001001101101000010010
01100111011001101000101100000000
01100110000011111100000111011000
1000011011011000
010010001111011111111001
010010001111011111101001
0100101010001011010001001101101000010010
01000101000011111011110111110111
11111000
11111001
11111101
0100101010001011010001001101101000010010
0100101010001011010001001101101000010010
1111011100011001
010010011111111111001011
0110011101001010111101110011110000011010
011001110100101011110111011111000001110100000000
0110011101000001111101110011110000101011
010010011111011111101011
011001110100101111110111011011000001110100000000
011001110100101011110111001111000001110100100011000000010000000000000000
010000011111011111011101
01100111111101100001110011110010
1111011011010111
010010001101000111100000
110100010110000000000001
0110011011000001011000000000000100100011
010010001101000111101000
11000000011010000000000100110100
11000000011011010000000100110100
11000000101010000010001100000001000000000000000000110100
0100101010001011010001001101101000010010
0100101010001011010001001101101000010010
01011000
011001100100000101011011
01010001
01011001
01011111
01010110
110000100010001100000001
11000011
0100101010001011010001001101101000010010
0100101010001011010001001101101000010010
0100100111111111100001000000010100100011000000010000000000000000
